1200011221212022012122101
1012101002220221111211001
1212011122000110110012221
2102221200012211222112220
0100022001202200201222200
0121101200002001001020001
0012010111021221111112202
2202010022120002201100212
2021111111102212100211112
0101001120021110220110011
0022120002100000022110110
1211102122022122102111010
2001122101200112202112210
1011211200222120111001000
2111110220201001201111220
1212021010220110202211222
0011020012110121102111020
0202100221011101222220020
1212222121000202022100100
1001011000001100010220122
2021102222201012120001001
1022212121201121100120020
1021122212212011210112022
2220112211102021210022000
2120120001220202111110122
