6868380217036263148574
2678642878525805181828
0601204745404854714317
0148056126535537353566
4212333421441207312727
3337871546736878400848
8263161322467440064678
5577364554615574716275
6055470265632706458864
4382445000735285250680
5667346768162385365170
1632218012660714674524
0101531312052140862511
2236772822702443755886
7266862752008572482364
5173520267414175827627
1705406252114414773087
0538704075758154384418
7023853511138833616365
4005037825848571272111
8425386751734563278206
5675477504707805634240
