1000000110111111001000010
0011000000110001110101100
1010010001011111000011001
1110110000010001010101111
0000001111101111101100110
1000110100101111010100011
1100101100000101000111100
0100011110001101100001101
0110010111100000100001011
0101000110100011110010110
1001110001001011110001111
1100000001101001000010000
0011111011111101100101100
0100100111000110011110011
1101101001101000001101110
1011101000111110001001000
0011100110011011100000001
0001011100001011000101001
1011000001110000001000100
0010101111011000110110000
0001011100011100101001111
1101101101110000010010110
1111110011110011110010000
0110111000110101010011001
0100101011100011101111101
