2203201310131030202011120
3211033232030000131121333
3000213120110302032032123
2001330000213333003002030
0231023030020020233222222
2202102333322012032022211
0003221120222222100113101
1200010013231311203021122
3310322222202212013020223
2013232103121313111323332
3221023133321120201110222
1110000221301030311032203
3101022133133020321321233
3311301002021120313333221
1023312220131233220000313
2130301320203123210013330
3302000130031311210303113
2231130032132222313230001
3001203030220212310232111
3010023130333323103011321
1232302322301032321301000
0220031230132010021013001
3023120300301231323003021
0300313033123023320112101
1011221122101130213202123
