52486027555167541843840
46360178572230485047421
71724674826625281811025
85431832428545305340370
27828825570806000085536
38056336384581727424463
26322858226760032857774
75800153305334605671351
57114688525316647772836
86447710368513276531675
86376281055434315871022
68777244815458368611853
01281081656348765621284
65277811813503218872340
70601604154713600536558
42502642456341180435663
67682328545660165418007
67214855412113380524023
45852630113052484325558
43247260638053144373677
63188626848120806065304
73756342773448617110216
25478772687031258703388
