00010010011000001000110
00111010010111111010010
11011100001101001111000
01011001111111111000001
01010110110001000011101
01100101101100011111000
01010101110111001000000
10011011001110101111001
11111110110010100001101
10001010101000001101001
10111010110001100111101
11011110011111010000011
11100001000111111000110
11010101010001111110001
11011100010111111110101
01000001101011011101110
01111000110110111101111
01000100110100101000000
11110011101101100001010
00101101010111000001011
11111001010101111111001
10010001110100101000001
11010110000100110011100
