000001001010010011100100
101110000101011111110001
111101110011011100011100
001001110101000001011101
100011001001100010110101
100010110011101000110111
100000110110101100010010
000011110110001010000111
010010110110001000000101
111000101111100010010100
100101010110101000110011
010000111101000010100010
000001101111001111000001
010111111110100001101011
011011101110000001010010
000111010111101000001001
000011011000111100011011
001100000001100101110100
110011111110110101111100
001010101110001010000000
111100110011001110101100
101101100110101101011101
001111101001111100010101
000000100011100010101100
