222211211011221010202112
101210100102101202102210
110102110011100120011102
110012220011100101022102
100020002121021220001122
011021222201000022222021
100220101012101011212221
121101112112122100012120
012212101221102020210000
002221001022200110021000
100000122121002112101022
001212001002121001212200
021121002201201012201202
100011111221101121220221
101002010121110010110120
002020111012020100011212
210021121101212101000021
110202020002122010101022
121210102102100211211212
210210111000210101222221
120221220112111022011202
021021202212101221210122
001122202101002201220022
221201202001222201011012
