1711735122565267644174
2562227571512447661347
5263624567241461262774
3331154641024741430771
3625444300641716557674
5351650664411056366127
0356054711262133717320
3066647047315361272455
5004277472460227267504
0662607354451640243723
1434321362144753320701
5417046200734255537604
6571770705424463763617
0645243201772672677214
6075623013650014215110
0026720166154777703653
6771052152170110277343
2322350116007052224325
4356341774326676704714
0662125372650112116434
2222361421203331623573
6157233576710201623136
